0 2 4
2 6 4
6 7 4
7 8 4
8 20 4
20 12 4
12 1 4
1 0 4
12 5 1
12 16 5
16 19 5
19 11 5
11 3 5
19 15 11
15 22 11
15 25 22
15 34 25
34 31 25
34 52 31
52 57 31
52 62 57
62 73 57
62 104 73
104 106 73
106 75 73
106 108 75
106 121 108
121 134 108
121 143 134
106 104 121
62 71 104
71 100 104
100 98 104
98 119 104
98 96 119
96 117 119
117 132 119
117 130 132
130 141 132
141 148 132
148 153 132
148 174 153
174 177 153
174 190 177
174 187 190
187 202 190
187 198 202
198 216 202
198 206 216
206 209 216
209 225 216
225 229 216
229 231 216
229 233 231
233 247 231
247 242 231
247 268 242
268 250 242
250 218 242
218 211 242
250 240 218
240 236 218
236 224 218
236 272 224
272 248 224
248 238 224
238 213 224
238 222 213
222 208 213
222 220 208
272 279 248
279 301 248
301 269 248
301 290 269
290 283 269
283 266 269
283 276 266
283 313 276
313 317 276
317 358 276
358 354 276
358 379 354
379 405 354
379 432 405
432 423 405
423 451 405
423 490 451
490 495 451
495 545 451
495 550 545
550 576 545
576 597 545
576 639 597
639 618 597
618 655 597
618 687 655
687 671 655
687 725 671
725 736 671
736 786 671
736 797 786
797 848 786
848 814 786
848 901 814
901 907 814
901 913 907
913 999 907
999 956 907
913 919 999
919 962 999
919 925 962
925 968 962
925 931 968
931 937 968
937 974 968
937 980 974
937 943 980
943 949 980
949 986 980
949 961 986
961 992 986
992 974 986
992 998 974
992 961 998
949 906 961
906 924 961
924 967 961
924 930 967
930 973 967
930 936 973
936 942 973
942 979 973
942 948 979
948 985 979
948 991 985
948 954 991
954 997 991
954 960 997
954 911 960
911 923 960
923 966 960
923 929 966
929 935 966
935 972 966
935 941 972
941 978 972
941 947 978
947 990 978
947 953 990
953 996 990
953 959 996
953 910 959
910 916 959
916 922 959
922 928 959
928 971 959
928 934 971
934 940 971
940 946 971
946 983 971
946 952 983
952 989 983
952 995 989
952 958 995
952 915 958
915 921 958
921 964 958
921 873 964
873 927 964
927 933 964
933 970 964
933 939 970
939 976 970
939 945 976
945 982 976
945 988 982
945 951 988
951 994 988
945 855 951
855 849 951
849 902 951
902 908 951
908 914 951
908 890 914
890 969 914
969 957 914
890 938 969
938 975 969
975 981 969
975 938 981
938 860 981
860 944 981
944 987 981
944 950 987
950 993 987
944 854 950
944 831 854
831 775 854
831 731 775
731 720 775
720 698 775
720 709 698
709 682 698
682 634 698
682 650 634
650 613 634
613 592 634
592 571 634
571 540 634
571 530 540
530 505 540
505 500 540
505 456 500
456 414 500
456 392 414
392 375 414
375 350 414
375 346 350
346 294 350
346 342 294
342 298 294
298 263 294
298 287 263
287 280 263
280 273 263
273 260 263
260 251 263
251 243 263
260 254 251
260 257 254
257 226 254
257 234 226
234 232 226
232 230 226
230 228 226
228 205 226
228 241 205
241 215 205
228 230 241
230 246 241
230 232 246
232 234 246
234 277 246
277 249 246
249 217 246
249 239 217
239 219 217
239 244 219
244 237 219
237 221 219
221 210 219
237 223 221
237 235 223
235 229 223
229 225 223
235 233 229
235 247 233
235 271 247
271 278 247
278 268 247
278 300 268
300 289 268
289 250 268
289 275 250
275 256 250
256 240 250
256 236 240
256 259 236
259 297 236
297 272 236
297 279 272
297 301 279
297 333 301
333 305 301
305 290 301
305 309 290
309 313 290
313 283 290
309 317 313
309 325 317
325 366 317
366 362 317
362 358 317
362 379 358
362 396 379
396 432 379
396 441 432
441 480 432
480 485 432
485 446 432
446 423 432
446 485 423
485 490 423
485 495 490
485 550 495
485 480 550
480 555 550
555 581 550
581 602 550
602 639 550
639 576 550
602 623 639
623 703 639
703 687 639
687 618 639
703 714 687
714 725 687
714 758 725
758 747 725
747 736 725
747 797 736
747 758 797
758 842 797
842 825 797
825 848 797
825 877 848
877 925 848
925 883 848
883 895 848
895 901 848
895 913 901
895 919 913
895 883 919
883 925 919
877 931 925
877 842 931
842 871 931
871 937 931
871 943 937
871 865 943
865 949 943
865 859 949
859 830 949
830 900 949
900 906 949
900 924 906
900 882 924
882 930 924
882 876 930
876 870 930
870 936 930
870 942 936
870 864 942
864 835 942
835 858 942
858 948 942
858 852 948
852 905 948
905 954 948
905 911 954
905 899 911
899 923 911
899 881 923
881 875 923
875 929 923
875 869 929
869 935 929
869 941 935
869 863 941
863 857 941
857 947 941
857 953 947
857 898 953
898 910 953
898 916 910
898 892 916
892 886 916
886 922 916
886 880 922
880 874 922
874 928 922
874 934 928
874 868 934
868 862 934
862 940 934
862 856 940
856 946 940
856 952 946
856 850 952
850 915 952
850 891 915
891 879 915
879 921 915
879 873 921
879 844 873
844 810 873
810 821 873
821 838 873
838 867 873
867 933 873
933 927 873
867 939 933
867 861 939
861 945 939
861 855 945
861 832 855
832 815 855
815 826 855
826 849 855
826 798 849
798 781 849
781 896 849
896 902 849
896 908 902
896 890 908
896 781 890
781 843 890
843 820 890
820 872 890
872 938 890
872 820 938
820 860 938
820 831 860
831 944 860
820 731 831
820 781 731
781 693 731
693 666 731
666 720 731
666 682 720
682 709 720
666 650 682
666 629 650
629 613 650
629 592 613
629 608 592
608 566 592
566 571 592
566 515 571
515 520 571
520 525 571
525 530 571
525 505 530
525 520 505
520 515 505
515 456 505
515 461 456
461 437 456
437 392 456
437 428 392
428 401 392
401 371 392
371 346 392
346 375 392
371 342 346
371 338 342
338 298 342
338 334 298
334 330 298
330 302 298
302 287 298
302 306 287
306 280 287
306 310 280
310 291 280
291 273 280
291 257 273
257 260 273
291 234 257
291 277 234
291 351 277
291 355 351
355 376 351
376 393 351
393 402 351
402 343 351
343 284 351
284 270 351
284 295 270
295 277 270
295 339 277
339 288 277
288 264 277
264 249 277
264 239 249
264 244 239
264 274 244
274 261 244
261 258 244
258 237 244
258 235 237
258 271 235
258 292 271
292 285 271
285 278 271
285 348 278
348 344 278
344 340 278
340 300 278
340 336 300
336 332 300
332 304 300
304 289 300
304 308 289
308 312 289
312 275 289
312 259 275
259 256 275
312 320 259
320 357 259
357 293 259
293 297 259
293 353 297
353 349 297
349 341 297
341 337 297
337 333 297
337 370 333
370 366 333
366 325 333
325 305 333
325 309 305
370 400 366
400 383 366
383 362 366
383 396 362
383 409 396
409 418 396
418 441 396
418 465 441
465 470 441
470 480 441
470 465 480
465 560 480
560 555 480
560 602 555
602 581 555
560 623 602
560 607 623
607 644 623
644 660 623
660 703 623
660 692 703
692 769 703
769 758 703
758 714 703
769 808 758
808 842 758
808 871 842
808 865 871
808 780 865
780 752 865
752 802 865
802 830 865
830 859 865
802 900 830
802 763 900
763 774 900
774 813 900
813 847 900
847 882 900
847 824 882
824 876 882
824 841 876
841 870 876
841 864 870
841 835 864
841 807 835
807 818 835
818 858 835
818 801 858
801 852 858
801 812 852
812 846 852
846 899 852
899 905 852
846 881 899
846 875 881
846 823 875
823 840 875
840 869 875
840 806 869
806 863 869
806 834 863
834 857 863
834 778 857
778 817 857
817 789 857
789 828 857
828 898 857
828 892 898
828 845 892
845 886 892
845 880 886
845 874 880
845 794 874
794 839 874
839 868 874
839 833 868
833 862 868
833 856 862
833 816 856
816 799 856
799 850 856
799 810 850
810 879 850
879 891 850
810 844 879
799 771 810
771 782 810
782 821 810
782 793 821
793 838 821
793 765 838
765 804 838
804 867 838
804 861 867
804 832 861
804 776 832
776 815 832
776 787 815
787 798 815
798 826 815
787 737 798
737 748 798
748 759 798
759 770 798
770 781 798
770 693 781
770 704 693
704 661 693
661 645 693
645 629 693
629 666 693
645 608 629
645 561 608
561 566 608
561 461 566
461 515 566
561 466 461
466 428 461
428 437 461
466 471 428
471 442 428
442 419 428
419 401 428
419 410 401
410 388 401
388 371 401
388 367 371
367 338 371
367 334 338
367 363 334
363 330 334
363 322 330
322 326 330
326 306 330
306 302 330
326 314 306
314 310 306
314 318 310
318 291 310
318 355 291
318 359 355
359 363 355
363 380 355
380 393 355
393 376 355
380 406 393
406 415 393
415 457 393
457 438 393
438 462 393
462 429 393
429 402 393
429 443 402
443 343 402
443 389 343
389 339 343
339 295 343
295 284 343
389 385 339
385 368 339
368 327 339
327 307 339
307 303 339
303 288 339
303 307 288
307 281 288
281 264 288
281 274 264
281 307 274
307 319 274
319 261 274
319 292 261
292 258 261
319 360 292
360 356 292
356 352 292
352 285 292
352 348 285
352 403 348
403 412 348
412 373 348
373 344 348
373 390 344
390 340 344
390 369 340
369 336 340
369 332 336
369 365 332
365 304 332
365 308 304
365 312 308
365 361 312
365 382 361
382 357 361
357 320 361
382 378 357
378 353 357
353 293 357
378 404 353
404 391 353
391 374 353
374 349 353
374 341 349
374 370 341
370 337 341
374 391 370
391 413 370
413 436 370
436 400 370
436 427 400
427 418 400
418 383 400
418 409 383
427 460 418
460 465 418
460 519 465
519 565 465
565 560 465
565 607 560
565 649 607
649 665 607
665 708 607
708 692 607
692 644 607
692 660 644
708 730 692
730 741 692
741 780 692
780 769 692
780 808 769
741 752 780
741 763 752
763 802 752
741 708 763
708 681 763
681 774 763
681 697 774
697 785 774
785 813 774
785 847 813
785 824 847
785 796 824
796 807 824
807 841 824
796 757 807
757 779 807
779 790 807
790 818 807
790 801 818
790 729 801
729 762 801
762 773 801
773 812 801
773 784 812
784 823 812
823 846 812
784 756 823
756 840 823
756 806 840
756 767 806
767 778 806
778 834 806
767 756 778
756 701 778
701 717 778
717 728 778
728 739 778
739 789 778
789 817 778
739 750 789
750 828 789
750 800 828
800 845 828
800 783 845
783 794 845
783 744 794
744 766 794
766 833 794
833 839 794
766 788 833
788 816 833
788 799 816
788 749 799
749 760 799
760 771 799
760 705 771
705 694 771
694 782 771
694 732 782
732 743 782
743 793 782
743 754 793
754 765 793
754 743 765
743 699 765
699 776 765
776 804 765
699 688 776
688 787 776
688 726 787
726 737 787
726 715 737
715 759 737
759 748 737
715 704 759
704 770 759
715 624 704
624 661 704
624 645 661
624 561 645
624 603 561
603 556 561
556 471 561
471 466 561
556 476 471
476 442 471
476 481 442
481 410 442
410 419 442
481 447 410
447 433 410
433 384 410
384 367 410
367 388 410
384 363 367
384 397 363
397 380 363
397 406 380
397 415 406
397 424 415
424 457 415
424 452 457
452 501 457
501 516 457
516 462 457
462 438 457
516 567 462
567 467 462
467 429 462
467 472 429
472 443 429
472 477 443
477 482 443
482 448 443
448 411 443
411 389 443
411 385 389
411 448 385
448 398 385
398 364 385
364 327 385
327 368 385
364 319 327
319 307 327
364 360 319
364 398 360
398 416 360
416 407 360
407 356 360
407 394 356
394 352 356
394 403 352
394 430 403
430 421 403
421 412 403
421 449 412
449 435 412
435 386 412
386 369 412
369 390 412
390 373 412
386 365 369
386 399 365
399 382 365
399 408 382
408 378 382
408 395 378
395 431 378
431 404 378
431 422 404
422 413 404
413 391 404
422 450 413
450 436 413
450 427 436
450 455 427
455 460 427
455 450 460
450 494 460
494 514 460
514 519 460
514 494 519
494 539 519
539 529 519
529 570 519
570 565 519
570 591 565
591 612 565
612 649 565
612 697 649
697 681 649
681 665 649
681 708 665
612 670 697
670 686 697
686 735 697
735 785 697
735 796 785
735 746 796
746 757 796
746 702 757
702 779 757
702 691 779
691 790 779
691 729 790
691 718 729
718 707 729
707 762 729
707 773 762
707 696 773
696 784 773
696 685 784
685 723 784
723 745 784
745 756 784
745 712 756
712 701 756
712 685 701
685 637 701
637 690 701
690 717 701
690 647 717
647 706 717
706 728 717
706 750 728
750 739 728
706 783 750
783 800 750
706 695 783
695 744 783
695 733 744
733 700 744
700 766 744
700 788 766
700 689 788
689 749 788
689 727 749
727 716 749
716 705 749
705 760 749
716 641 705
641 662 705
662 678 705
678 694 705
678 646 694
646 630 694
630 667 694
667 732 694
667 683 732
683 710 732
710 743 732
710 699 743
710 683 699
683 651 699
651 635 699
635 656 699
656 672 699
672 688 699
672 656 688
656 640 688
640 715 688
715 726 688
640 624 715
640 603 624
640 551 603
551 556 603
551 476 556
551 481 476
551 486 481
486 447 481
486 496 447
496 452 447
452 433 447
452 424 433
424 397 433
397 384 433
496 501 452
496 546 501
546 541 501
541 516 501
541 572 516
572 567 516
572 593 567
593 614 567
614 630 567
630 609 567
609 588 567
588 562 567
562 467 567
562 472 467
562 557 472
557 477 472
557 482 477
557 552 482
552 547 482
547 497 482
497 448 482
497 425 448
425 398 448
425 416 398
425 463 416
463 468 416
468 439 416
439 394 416
394 407 416
439 430 394
439 468 430
468 473 430
473 478 430
478 449 430
449 421 430
478 488 449
488 493 449
493 518 449
518 459 449
459 435 449
459 426 435
426 399 435
399 386 435
426 417 399
417 408 399
417 395 408
417 440 395
440 431 395
440 474 431
474 479 431
479 484 431
484 445 431
445 422 431
445 450 422
445 484 450
484 489 450
489 494 450
489 544 494
544 539 494
544 596 539
596 570 539
570 534 539
534 529 539
534 570 529
596 617 570
617 612 570
612 591 570
617 654 612
654 670 612
654 686 670
654 659 686
659 702 686
702 746 686
746 735 686
659 675 702
675 691 702
675 659 691
659 718 691
659 680 718
680 707 718
680 696 707
680 632 696
632 653 696
653 669 696
669 685 696
669 637 685
669 653 637
653 616 637
616 595 637
595 553 637
553 600 637
600 642 637
642 674 637
674 690 637
674 647 690
674 642 647
642 553 647
553 610 647
610 647 589
589 668 610
589 652 668
652 636 668
636 700 668
700 684 668
684 733 668
733 695 668
695 647 668
695 706 647
684 700 733
636 673 700
673 689 700
673 641 689
641 716 689
716 727 689
673 620 641
620 604 641
604 625 641
625 662 641
625 646 662
646 678 662
625 604 646
604 609 646
609 630 646
604 588 609
604 583 588
583 562 588
583 557 562
583 552 557
583 604 552
604 578 552
578 547 552
578 573 547
573 537 547
537 522 547
522 497 547
522 502 497
502 425 497
502 522 425
522 458 425
458 463 425
458 522 463
522 468 463
522 563 468
563 473 468
563 558 473
558 553 473
553 478 473
553 488 478
553 574 488
574 533 488
533 523 488
523 518 488
518 493 488
523 528 518
528 564 518
564 464 518
464 459 518
464 417 459
417 426 459
464 440 417
464 469 440
469 474 440
469 464 474
464 559 474
559 554 474
554 479 474
554 484 479
554 549 484
549 489 484
549 544 489
549 575 544
575 596 544
575 549 596
549 580 596
580 601 596
601 617 596
601 622 617
622 638 617
638 654 617
638 622 654
622 659 654
622 643 659
643 680 659
643 648 680
648 611 680
611 632 680
611 616 632
616 653 632
611 590 616
590 569 616
569 528 616
528 533 616
533 595 616
533 574 595
574 553 595
528 523 533
569 564 528
569 590 564
590 585 564
585 559 564
559 464 564
585 554 559
585 606 554
606 643 554
643 622 554
622 580 554
580 549 554
622 601 580
606 627 643
627 648 643
627 606 648
606 611 648
606 585 611
585 590 611
558 563 553
563 584 553
584 610 553
584 568 610
584 563 568
563 522 568
522 573 568
573 578 568
578 636 568
636 589 568
636 652 589
578 620 636
620 657 636
657 673 636
657 620 673
578 604 620
522 537 573
642 600 553
614 651 630
651 667 630
651 683 667
614 635 651
614 572 635
572 598 635
598 619 635
619 656 635
619 640 656
619 598 640
598 577 640
577 551 640
577 546 551
546 486 551
546 496 486
577 598 546
598 572 546
572 541 546
614 593 572
712 723 685
712 745 723
741 730 708
359 318 363
318 322 363
318 314 322
314 326 322
820 843 781
877 825 842
209 214 225
214 212 225
214 204 212
204 207 212
207 201 212
201 210 212
201 197 210
201 193 197
201 186 193
186 183 193
183 180 193
183 167 180
167 161 180
161 164 180
161 136 164
161 150 136
150 125 136
125 112 136
125 87 112
87 85 112
85 83 112
83 123 112
83 81 123
81 110 123
81 79 110
79 77 110
81 64 79
81 83 64
83 85 64
85 66 64
66 49 64
49 44 64
44 39 64
39 28 64
39 18 28
18 10 28
18 14 10
14 9 10
9 6 10
6 2 10
9 7 6
9 21 7
21 8 7
21 27 8
27 38 8
38 20 8
38 35 20
35 26 20
26 12 20
26 16 12
26 19 16
26 37 19
37 34 19
34 15 19
37 42 34
42 52 34
42 47 52
47 71 52
71 62 52
47 69 71
69 96 71
96 98 71
98 100 71
69 94 96
94 117 96
94 115 117
115 130 117
115 128 130
128 139 130
139 141 130
139 146 141
146 156 141
156 148 141
156 174 148
156 171 174
171 187 174
171 184 187
184 194 187
194 198 187
194 206 198
194 191 206
191 203 206
203 209 206
203 199 209
199 214 209
199 195 214
195 200 214
200 204 214
200 196 204
196 207 204
196 201 207
196 189 201
189 186 201
189 170 186
170 183 186
170 167 183
170 155 167
155 158 167
158 161 167
158 150 161
158 155 150
155 145 150
145 138 150
138 125 150
138 127 125
127 114 125
114 89 125
89 87 125
89 66 87
66 85 87
89 68 66
68 59 66
59 49 66
59 54 49
54 36 49
36 44 49
36 39 44
36 18 39
36 21 18
21 14 18
21 9 14
36 33 21
33 30 21
30 27 21
30 38 27
30 33 38
33 41 38
41 46 38
46 51 38
51 56 38
56 48 38
48 43 38
43 35 38
43 48 35
48 53 35
53 40 35
40 32 35
32 26 35
32 40 26
40 29 26
29 37 26
29 40 37
40 45 37
45 50 37
50 55 37
55 69 37
69 47 37
47 42 37
55 60 69
60 90 69
90 92 69
92 94 69
92 115 94
92 90 115
90 126 115
126 128 115
126 139 128
126 137 139
137 144 139
144 146 139
144 151 146
151 156 146
151 162 156
162 168 156
168 171 156
168 181 171
181 184 171
181 194 184
181 191 194
181 178 191
178 175 191
175 188 191
188 199 191
199 203 191
188 195 199
188 185 195
185 200 195
185 182 200
182 192 200
192 196 200
192 179 196
179 189 196
179 166 189
166 173 189
173 170 189
173 166 170
166 155 170
166 160 155
160 140 155
140 145 155
140 129 145
129 138 145
129 127 138
129 116 127
116 114 127
116 91 114
91 89 114
91 68 89
91 70 68
70 51 68
51 46 68
46 54 68
54 59 68
46 41 54
41 36 54
41 33 36
70 61 51
61 56 51
61 72 56
72 63 56
63 48 56
63 53 48
63 58 53
58 65 53
65 45 53
45 40 53
65 60 45
60 55 45
55 50 45
65 88 60
88 90 60
88 111 90
111 126 90
111 124 126
124 137 126
124 144 137
124 135 144
135 149 144
149 172 144
172 165 144
165 151 144
165 162 151
165 168 162
165 178 168
178 181 168
165 175 178
165 172 175
172 188 175
172 185 188
172 182 185
172 169 182
169 160 182
160 166 182
166 179 182
179 192 182
169 157 160
157 142 160
142 140 160
142 133 140
133 131 140
131 129 140
131 120 129
120 118 129
118 116 129
118 97 116
97 93 116
93 91 116
93 70 91
93 97 70
97 72 70
72 61 70
97 99 72
99 107 72
107 74 72
74 63 72
74 76 63
76 78 63
78 80 63
80 65 63
65 58 63
80 88 65
80 111 88
80 109 111
109 122 111
122 124 111
122 135 124
122 133 135
133 149 135
133 157 149
157 172 149
157 169 172
133 142 157
122 107 133
107 120 133
120 131 133
107 118 120
107 97 118
122 109 107
109 76 107
76 74 107
109 78 76
109 80 78
57 75 31
57 104 75
153 134 132
177 143 153
177 211 143
211 224 143
177 190 211
597 655 545
907 956 814
974 998 968
959 965 996
951 969 994
263 243 294
251 205 243
212 210 225
197 270 210
197 193 270
136 123 164
28 77 64
